257728021
103479291
353296012
13470713
26471822
60743580
23790457
58376116
8898690
121051973
72539196
28419154
62034006
8052604
18372484
5541535
23828767
13832688
104324694
41980999
132606054
7148761
55594638
97859018
62240011
97185956
122335401
36883034
35667555
17972580
89770831
96748324
52789207
124549243
46148237
34488227
7725370
17757974
74830453
80417550
9729414
54920383
56013478
3566535
4124641
50085692
148140282
78019514
21385041
12244076
11200571
314638597
117236857
12882361
117905264
113463080
37831092
43772467
15004342
6138659
96213397
192553786
25496732
36160581
24819730
15029090
46977073
29172700
21335637
121794069
19956166
66424860
205529533
52357882
31127261
8941573
61904604
27677900
25025922
143924151
67964493
10865107
20287915
236067315
39779151
101217077
75680506
156740562
35220942
69783160
33410868
100087818
24504307
37910460
21679659
10793949
46529288
123060675
134322210
165833962
28938746
112285030
22836760
43038610
16930742
105073607
7461778
47116069
182765439
66891629
125322943
72044202
90799391
138690318
7889917
66228770
46539279
216212987
60810143
29659767
98811400
10514550
33326850
98674319
12050825
208213587
48808430
6277101
46125114
5588049
80168451
37045794
23178305
107305628
12747351
14460148
10163553
97577237
8469259
35898143
7629117
163083883
161726019
25492637
3182172
59049214
88643447
33739623
13682623
104182372
105939204
13394670
41352878
19222098
26918342
16267596
22839429
9717247
44014611
28386195
30128050
44743861
13333176
17662039
44888899
23968507
42275018
71234580
69514604
191902814
53422277
19147070
64225885
134589999
7974745
19916027
128760989
122633015
4472572
128301479
47527983
76341979
27979418
60424875
71097029
54687239
8859671
17144455
21363614
221905069
24994993
54620254
33866573
163079344
21073533
11745231
11139675
54917727
194247671
74462238
47005003
51421239
89885618
74829263
22824844
133592702
22667369
50374633
57804436
35767745
112582252
3849190
20139524
58504662
75518562
4462165
33808021
135324166
92419144
18653675
19069623
36323976
22150324
20938181
31962324
72994180
64357535
22575174
9459929
80458500
72943121
21926289
264308210
29638084
238577280
87988979
17704376
10452617
3738068
19735428
103379233
98443572
6304415
38313436
7327999
44989572
37791080
56934394
12524812
135344095
17804448
137127065
42280292
181911137
37274712
157082627
53370657
210579066
21598183
51450113
34622839
35201506
81434968
21844669
12595566
124082296
41062763
27611209
60168397
139641648
122533727
53521115
11293704
79150853
68961559
156814909
25083009
51046696
10922420
79929019
42395402
69902367
24699355
285225410
61240216
37419547
52076867
89801876
57053630
54941705
279977093
70165648
49497528
5359047
14680880
168820819
36827563
58601791
35525463
139987256
45813008
27853048
56302407
36857742
91138063
256112763
21942176
52794179
16821805
27605319
38702989
44664784
23210465
32822758
82050844
4280029
3751625
12515823
5862454
70075359
8477079
13496060
56926831
40093676
141200515
6202696
21077944
82874864
92479658
7544998
63652251
47782666
35172937
5063914
8919554
38915613
109883137
29730920
6585321
61485648
4479462
6939328
1851560
2768113
60844019
47375640
7653851
91918743
121423925
203602491
13502683
19491192
14914569
269919170
106420209
25773325
135157208
113765487
29632495
9732762
6368492
175378796
195448643
14294599
248295321
7492974
53486844
8174163
41079249
6662048
41991578
103013816
10708790
112202835
107684006
32559541
14950414
28571935
52555050
99721054
8446682
9120049
25128398
15780157
37736835
102404418
21185129
195929776
75932713
31829508
118940852
153395710
23346155
46455315
35017806
97022212
5753682
72715268
62939880
94068390
47010421
50067924
37845096
47909376
38968576
36123367
6443852
5646110
50514893
140633767
122934310
22369252
79357575
30668571
98187121
71498657
19019335
11006695
213780066
246704200
47262562
30795641
12410276
90096880
28744156
3736924
283885144
124633444
98096695
3172974
22073446
4977347
40656956
23735098
37844982
150015699
101789261
47565093
64862723
68597185
25088661
55088543
83718980
42548251
23829131
51134646
3908850
156242790
15364775
100489787
22206371
104427082
11774031
132789183
38201948
308895374
18097636
59678862
12556430
110551350
12848917
38720364
98198985
19331311
186527541
75041034
66447159
6386805
57930054
56867696
93316078
40696927
25264508
32798373
20012005
282694359
33850943
18551181
58099890
34171241
97660229
15836344
51583937
20432824
7684908
148230774
196784584
32657999
27086399
83344324
9566822
13773550
120669399
29440131
175490530
51327461
27318896
78399935
9346493
133758643
34736415
22279785
30546669
64230067
27330081
56971685
12522448
94445806
94315291
80976102
101707201
27588006
80767103
10474103
105608037
100770390
39233018
10601913
84812501
2492956
12705859
6389449
11017662
31569069
37857787
114563218
27407438
6448711
13272742
97866297
86903248
139609705
3174288
112915352
37715848
15828191
114916427
22787892
124809870
123268634
87034220
230552193
84318003
22173256
24535326
94618817
188299846
34879833
7755270
6671119
12524220
42916084
71422220
24934362
51227213
65814114
41797155
12623190
11921705
273615510
44795108
138072578
36244340
44864158
70632062
103382785
43499770
66328577
33828888
19818774
4666767
66638466
111368655
37112619
70335570
44513246
42564379
5521857
8783661
93559661
47341191
34842801
88518160
92287433
10258833
57000397
56799730
30813664
34301799
19396410
84892881
160570988
61945360
30083966
18579951
11114392
76822389
61634748
5329371
33649235
128762350
75246973
20152031
12853388
65163481
41518918
81433768
66790556
89156624
1841733
132640785
151879721
4141334
128042665
9930745
52598334
25024000
16860072
107558099
14236924
71727890
3394896
165668920
25159053
112953686
31849044
44996434
47220029
15742629
84316067
143906490
46337125
15241959
9005853
87654162
261905604
83290827
38472031
68100746
103759974
23407836
21933055
27333530
181757557
30426250
75347752
9256518
14389366
5894147
51734590
6010400
148884719
51790738
119187046
95585185
63449210
73704709
61929173
120262839
214611368
63996253
37246069
152994163
96010590
41897124
18333170
5422461
44960442
158090375
244164107
41128008
78150628
4571728
55008817
46259639
3088720
25026758
25686539
56222443
87794541
20981590
34157507
30409131
71161912
6098465
85030562
8527938
23051709
236677150
21004253
4736401
73841033
63103745
1776211
81314424
3063360
59548205
